10
27
50
93
132
133
147
177
180
231
239
260
267
279
291
328
330
344
345
363
370
371
372
373
408
413
427
457
466
471
475
521
633
670
672
689
732
769
773
777
786
788
807
814
872
888
900
937
973
1042
1045
1046
1052
1081
1108
1118
1126
1141
1162
1163
1173
1187
1190
1209
1217
1230
1235
1239
1257
1265
1289
1306
1312
1322
1332
1373
1397
1446
1451
1468
1504
1515
1551
1561
1586
1616
1621
1644
1706
1762
1773
1791
1800
1805
1846
1863
1901
1907
1919
1922
1924
1929
1939
1961
1973
1981
1996
2041
2044
2050
2101
2111
2119
2126
2134
2156
2179
2199
2219
2223
2227
2228
2238
2244
2278
2282
2330
2337
2346
2363
2366
2372
2375
2409
2422
2425
2429
2459
2479
2492
2496
2500
2502
2535
2557
2564
2589
2611
2613
2641
2683
2688
2727
2735
2765
2806
2807
2851
2855
2866
2885
2894
2899
2911
2936
2958
2984
3009
3018
3020
3043
3048
3059
3060
3080
3166
3199
3207
3224
3240
3251
3252
3258
3267
3294
3298
3311
3323
3331
3335
3357
3373
3405
3459
3475
3482
3496
3505
3518
3527
3576
3579
3588
