40088
40096
40112
40138
40147
40152
40171
40176
40183
40217
40233
40244
40306
40307
40318
40386
40456
40469
40472
40502
40516
40545
40611
40627
40690
40698
40701
40721
40775
40860
40877
40909
40920
40943
40945
40948
40967
41022
41038
41123
41139
41210
41255
41373
41386
41393
41395
41439
41440
41467
41482
41516
41529
41536
41549
41560
41562
41572
41635
41638
41643
41711
41744
41810
41829
41844
41850
41892
41935
41955
41960
41961
41978
41987
42018
42051
42085
42105
42131
42137
42155
42163
42166
42188
42215
42230
42237
42255
42291
42299
42346
42373
42378
42389
42400
42415
42423
42436
42462
42478
42557
42587
42596
42668
42690
42825
42868
42889
42957
42966
42969
42988
43075
43119
43166
43184
43201
43256
43274
43282
43379
43387
43394
43452
43493
43512
43571
43593
43596
43601
43650
43722
43724
43728
43784
43810
43819
43850
43893
43933
43973
43979
44025
44046
44078
44117
44131
44143
44209
44216
44237
44248
44285
44288
44304
44343
44441
44474
44496
44513
44524
44585
44591
44626
44631
44669
44672
44687
44697
44712
44726
44746
44764
44783
44818
44882
44927
44947
44956
44969
44971
44974
44978
45008
45015
45045
45064
45106
45141
45158
45208
45234
45239
45261
45281
45303
45323
45392
45427
45444
45452
45471
45519
45531
45613
45643
45645
45665
45699
45700
45717
45739
45774
45847
45888
45898
45949
45994
46069
46077
46093
46105
46171
46175
46219
46232
46239
46240
46274
46277
46297
46323
46335
46348
46463
46494
46495
46502
46505
46508
46535
46581
46630
46670
46713
46717
46734
46776
46798
46803
46818
46819
46828
46829
46889
46918
46937
47003
47013
47032
47063
47094
47104
47145
47163
47176
47203
47230
47248
47267
47270
47282
47296
47314
47321
47329
47341
47360
47372
47408
47409
47454
47512
47514
47548
47627
47632
47657
47711
47716
47765
47836
47856
47859
47866
47896
47958
47971
48001
48006
48018
48020
48021
48030
48056
48086
48098
48099
48120
48127
48177
48186
48279
48288
48310
48322
48344
48381
48384
48407
48415
48429
48546
48613
48675
48692
48726
48730
48785
48866
48869
48903
48934
48936
48949
48957
48964
48971
48977
49018
49038
49097
49124
49132
49160
49163
49207
49238
49239
49272
49288
49293
49318
49331
49335
49385
49389
49412
49505
49512
49529
49553
49607
49661
49678
49679
49696
49697
49704
49730
49731
49775
49801
49842
49855
49863
49900
49927
49934
49938
49955
49990
50020
50043
50107
50172
50190
50260
50307
50318
50321
50349
50352
50386
50392
50404
50405
50408
50429
50439
50490
50496
50549
50556
50608
50616
50625
50626
50663
50679
50700
50724
50750
50774
50792
50807
50829
50874
50896
50917
50923
50935
50942
51082
51086
51094
51097
51121
51143
51146
51154
51195
51207
51216
51218
51233
51278
51280
51384
51390
51392
51443
51546
51560
51582
51609
51615
51642
51656
51676
51693
51702
51706
51719
51726
51728
51774
51794
51798
51809
51825
51826
51828
51860
51864
51889
51899
51900
51911
51925
51941
52014
52048
52065
52089
52094
52110
52179
52233
52286
52296
52307
52308
52339
52351
52401
52402
52420
52448
52535
52542
52543
52547
52601
52623
52717
52743
52758
52764
52772
52805
52857
52861
52886
52889
52939
53057
53073
53074
53081
53109
53132
53169
53185
53193
53282
53301
53316
53335
53347
53352
53354
53380
53384
53403
53411
53465
53515
53521
53532
53555
53565
53575
53581
53584
53588
53630
53657
53826
53832
53834
53854
53876
53883
53956
53970
53987
53990
54089
54146
54158
54174
54180
54212
54225
54235
54241
54249
54252
54268
54308
54334
54351
54362
54368
54370
54371
54381
54454
54478
54504
54512
54514
54539
54543
54560
54561
54596
54617
54628
54635
54655
54713
54752
54769
54832
54926
54950
54991
55013
55071
55084
55091
55119
55139
55174
55210
55217
55244
55267
55325
55327
55333
55349
55381
55441
55442
55451
55482
55496
55566
55573
55590
55595
55600
55657
55684
55766
55768
55785
55833
55857
55878
55915
55993
56010
56019
56028
56048
56063
56114
56117
56128
56176
56188
56197
56230
56235
56267
56285
56308
56315
56316
56324
56334
56359
56415
56460
56495
56532
56537
56540
56594
56602
56665
56700
56719
56730
56737
56756
56765
56784
56785
56787
56809
56816
56831
56870
56921
56926
56934
57027
57057
57074
57075
57155
57209
57236
57279
57330
57354
57370
57392
57440
57444
57471
57479
57485
57490
57492
57496
57507
57513
57516
57523
57644
57656
57677
57729
57735
57783
57795
57796
57809
57812
57821
57855
57903
57929
58023
58033
58066
58102
58103
58119
58141
58143
58145
58199
58217
58229
58232
58289
58293
58297
58302
58308
58311
58368
58416
58430
58452
58486
58487
58496
58497
58516
58545
58562
58575
58605
58610
58612
58619
58623
58634
58636
58637
58641
58713
58786
58800
58819
58848
58878
58894
58964
59008
59028
59068
59077
59103
59120
59140
59157
59188
59191
59237
59242
59265
59276
59293
59340
59359
59363
59371
59386
59394
59400
59427
59433
59451
59558
59585
59593
59598
59623
59709
59718
59721
59723
59802
59809
59855
59902
59945
59958
59980
